13456
16807
84083
86383
524209
591308
1277844
1887638
2793893
2908414
3379321
3389302
3559274
3574160
4234388
4267660
4369627
5018383
6441594
6913052
6933754
8200010
8288122
8401081
9024039
9135231
10260363
10341441
11127358
11788416
12000562
12121600
12150715
13055348
13618676
14079561
14196197
14799688
14947070
15049440
15422603
15756763
15909258
16531729
16977873
17457247
19242306
20073650
20539821
20632783
21646330
22049538
23646787
23929712
24301412
24669197
24761786
24864915
25792301
26550930
26760894
27053523
28222903
28376046
31071992
31122987
32106102
34075629
34519891
35778336
35956993
36451194
36996362
37618061
38193236
38535563
39194160
39848335
40621834
40732367
40837987
41000625
41061390
42146443
42746768
43815424
43933419
46506142
46554618
46741879
47424385
47607224
47783959
48114454
48236096
48439519
48697584
48806813
48961654
50410053
51240879
51897806
52167507
52274687
52326674
53192832
53670760
53764993
55642693
55835219
56510386
56564048
57561410
57716395
59701052
59796706
60393213
60935238
62393170
62550148
62783387
63040413
63641305
64091907
64510906
65055133
65238695
66613685
66974515
67119748
67439096
67943788
67981921
67989258
68372451
69297956
69333540
69447073
69483513
70718544
70774702
70874618
70982397
71032851
72444293
73536496
74243042
74452500
75099568
75159790
75179447
75289719
76424008
78083903
78098867
80205587
80513344
80923233
80990701
82504135
83021272
83083954
83342649
83384869
85176241
85361674
88207391
88487080
88704971
88949715
89342654
89947322
90098343
92681612
93216332
93396392
93499757
95293712
95346744
95512876
95911865
97368447
97754174
99435619
100074707
100336182
101002023
101027544
101063223
101331580
101472953
101929267
102303120
103512564
103647626
103685467
104576978
107365704
107466671
107554536
107585262
108218770
108408487
108431226
108668244
109900670
110841663
110846043
111398400
111531099
112286479
113637808
114807987
115055544
115307827
115377429
115431553
116601983
117703317
118710299
119413377
120301201
120432193
120548475
121205400
123427205
123956106
123959044
125332989
125730205
125998401
126724592
126799940
127094734
127124946
127446722
127791266
128106796
128762704
129154961
129367183
129412463
129770804
130060903
131297041
131513954
132567129
132601236
133613043
134227645
135046736
135423804
135437123
135926137
136424162
136524079
137017237
138584227
138796483
139190143
140002776
140074575
140351516
141892290
142357289
142734493
143542612
143558780
146595118
146704067
147074414
148963664
149604435
149796865
149805457
150850108
151043710
151592286
151687230
152364254
152607844
153838213
154578722
155017137
155982638
156021307
156091745
156454405
156485092
156848786
157160836
157863575
158295578
158374933
158434876
158592370
159327396
162724169
164973471
165903868
166052708
166400356
166510363
167963456
168068960
169524677
169717050
170566424
171620203
172490261
172556929
172573762
173205716
173958028
174076737
174647297
174835488
175223344
175530180
176842856
176843580
176941273
177181445
177376893
178425210
179414786
179982923
180901986
181806953
182048270
182529968
183077381
184496618
184748362
184778266
185984467
186428617
186882441
187620721
187820141
188805589
190430187
190711622
191110289
191858534
192958060
194847408
194874527
195120446
195400260
196178888
196566714
197021174
197140870
197225847
197493099
197856454
197941363
199390152
200406452
200578832
201098413
201863901
202010101
202296703
203042009
205058299
206107601
206120540
206174488
207078741
207314365
208017829
208040775
208598673
208657548
209234791
209479611
212294258
212976029
213315298
213683079
213781473
214459759
215049805
215675860
215848910
216485979
216616201
216642781
217885779
218264607
218352662
219557884
219596124
220048636
220446075
221735936
222122669
222731960
222803727
222902971
223548026
224214503
224582466
224798162
225419518
225882720
226154992
226693620
227725811
229803083
229944597
230168410
230455593
231177603
231367332
232032812
233418096
233871160
234159002
234254369
234389305
235195296
235347507
235621673
235645469
236053657
236066681
236249665
236262852
236264924
236497386
236507136
236543152
236563616
236828934
236958792
237553586
237796389
237955200
238360415
238370012
238745549
242817253
243649404
244116641
244161988
245042251
245832299
245949929
247463372
248263272
248565777
248995776
250057443
250334414
251606020
251766297
252193898
252273210
253605895
253940441
254160780
254256219
255389788
257691356
258077412
258160763
258663572
259181370
259852786
261305812
261433719
262467120
263081550
264032581
264290320
264624270
265094610
265509239
265693519
265963216
266898514
267127010
268317158
268517290
269024781
269220094
270415769
270438666
270649095
270649486
270655128
271135952
272082429
272112289
272918561
273074998
273239725
273909078
274400498
274726495
274958553
275827635
276267568
277117595
278059498
278333842
278641878
278819043
279249300
279385578
279554417
280090412
281369880
281725226
281889777
282442307
282475249
283353458
284140707
285075280
285217343
285891793
286245357
286484851
286810815
287846865
287937177
287957430
288006429
288481115
288739036
289396385
290145159
290623720
290659938
292061303
292554183
293034748
293823024
294192416
294405869
294904209
295593196
295741962
296356978
296653380
297829547
298650842
298897644
298918984
300298041
300398765
300579076
301203980
302173465
302337947
302469468
303180324
303341489
303528883
304160662
304555640
304813979
304987844
305492632
306344207
306879666
306963100
307187357
307614740
307729599
307738820
307912247
308559364
308917857
309517390
309543566
310202866
311164915
312244924
312444008
313517516
313597146
313884881
313952733
314484211
314958328
314974534
316824712
317344092
318153057
318665976
318886771
319338739
319518555
320514918
321806223
322621974
322791560
322842082
322919577
322968418
323592489
323681480
324436310
324735799
325631813
326826683
327625760
329004856
329241693
329863108
330111137
330233193
330691036
331015788
331211609
331524562
331637305
331639733
332365254
332906287
332985600
333385324
333748765
334627131
334734507
335255577
337486260
338314783
338725129
339881401
340082437
340202900
341137846
341914004
342194330
342695014
343077045
343098142
343613614
343775973
344027313
344185621
345205658
345708707
345807450
346645555
347077197
347221711
347457135
348318738
348330048
348811266
349037107
349423832
349756325
349949754
350123872
350213900
350895719
350938317
351222380
352050957
353474902
353657796
353905353
354427294
355207555
355223347
355976536
356326671
357237150
357267914
357571490
359184398
359208595
359242577
359301516
360623722
361194144
361713382
361813754
361965312
363159928
364446496
364967069
364988341
365816636
366052950
366782137
367553064
367603950
367707584
368034324
368064760
368213053
368478900
368682267
368785401
369370562
369774970
369810417
370352186
370604421
371358049
372556757
372574775
373670371
374079595
374986789
375495465
376793169
377054190
377499827
377545943
377901842
378587249
378614662
378859175
379847699
379857397
380069156
381395752
381796937
382467155
382578173
382955828
384910260
386091330
387423580
388443323
388471006
389036162
389114981
389889717
390488056
390585118
390801193
391020129
392054999
393112638
393422029
393466835
394261136
394652121
395593788
395899439
395903725
396060642
396135092
396412465
397215685
397564138
398087474
398167906
398937747
399168657
399424935
401071910
401203083
401748607
401868524
402401059
402945048
403681562
404319195
404692261
407052494
407209932
408575706
410719545
410827177
411490650
411610332
411938554
411980557
412091859
412281977
412337079
413623527
413687995
413705651
413940527
414780911
415825199
416084844
416541976
417513011
417579042
417714254
418012816
418069684
418205452
418288747
418768046
419251295
420725881
421288959
421464263
421567014
422305445
422820719
422967959
423453124
423641512
424052705
424166537
424988139
425314493
425373423
425876991
425956292
426556000
426723924
426813357
427350234
427543550
428540556
428559331
428975319
430360979
430880846
431830537
432109524
432969045
434477297
434756663
434826720
435546856
435861972
436279149
436418714
436476770
437900415
437928109
438285377
438415348
439295525
440796531
440894972
440967103
442654012
444978220
445131067
446138204
446675750
446941412
447566427
447641599
448129341
448292979
448578097
448952090
450031625
451043754
451109352
451904745
453594029
453854177
454021550
454233502
454412971
454823432
455609508
456880399
457858131
458588260
458633347
458740137
459173476
459244054
459380633
459607900
460977656
461814562
462242385
462669258
462851407
462932091
463482574
464383697
464685718
465393138
465443487
466138615
466884054
469492312
469865021
469925746
470211272
470625571
471180773
472171167
473235283
473284781
473341289
473354441
473553501
473818315
473917746
474705986
475051557
475357748
475904948
476003622
476026939
477900753
479293771
480385122
481645436
481758097
482459635
482601766
482756891
483596971
484684158
484836576
485046524
485622923
485993904
486606687
487495370
488527833
488783985
488989596
489102819
489115891
490206094
490350257
490828939
490853015
490916525
493758805
494500522
495053400
495149352
496214217
496782332
496929228
497161633
497540940
497991454
498383912
498508977
499521038
499970600
500078034
500079514
500251681
500782188
501650447
501848671
502403881
502534872
502767895
503014666
503188326
503962615
505360879
505523489
505945281
506249331
506449259
506898502
508594896
508632956
510556227
510616708
510687119
510796579
511142630
511567600
511982380
512090639
514254571
514347433
514697432
514943164
515204530
516341991
516446605
516553315
517100457
517465772
517536167
518329249
520717815
521841394
521861729
522329230
522604637
523449818
524035690
524102504
524470817
524630659
524846382
525244910
526439150
527050696
527116335
527195143
527644328
528598911
528926184
529847080
529855395
529981217
530371950
530483715
530511967
530945068
531132276
532236123
533519459
533552415
534074120
534195437
535075963
535554937
537140623
537204356
537635495
538276724
538368762
538429365
538472431
538556509
539924884
540151403
540506265
541069801
541234441
541437335
542708781
543436550
544733637
545293947
545626832
546669518
547517015
550312684
550579652
550761562
551371692
551928807
552265483
552303806
553029607
553324189
553701629
555667441
555831938
555860589
556228742
556455472
557269778
557435797
558172492
559312873
559412188
559554596
560874499
561099904
562165089
562345819
563613512
563773455
564233031
564362681
564552520
564794975
565116027
566120171
566211825
566390040
566900175
567222278
567717231
568322781
568356771
568528318
568629937
570659462
571049654
571486540
571540977
571846523
572547747
572739357
574870162
574923781
575286668
575348283
575393182
575542599
575547979
576176134
576241238
576783054
578134256
578354438
578879010
579189829
579642951
580563899
581326628
582120578
582285528
582896009
584406392
585066583
585090504
585242675
585249139
585640194
586004101
586027183
586802293
587158216
587921685
588238066
588525067
588860917
589673557
589818083
590275977
590357944
591304913
591316179
591811579
592100848
592440366
593550214
594094833
594095777
594139070
594352115
594884793
594992734
595028635
595057129
595278518
596111243
596800219
598210376
598709266
598994537
599180683
599777254
600168343
600207129
600246897
600633910
601518177
601535873
601915879
602378163
602986814
603204759
603291624
604056198
604612300
605925150
605962173
606061956
606086947
606587866
606864955
607227595
607367442
608452375
609123648
609129945
609337585
609960597
610059359
610920365
611025384
612438734
614056598
615449898
616783871
616976599
617766175
618154670
618198881
619258248
619397011
619443609
619527533
619880739
619997917
621222764
621301815
621699896
621926736
622268744
623199224
624474576
624491120
624917313
625274502
626007585
626045960
627260093
627499948
627891450
628070245
628128032
628897028
628938643
629306008
631425085
633063279
633442557
634633075
634719613
635348656
635892520
636357501
637321172
637405483
637850124
637940462
641173136
641801822
642324448
642551035
642607621
643177616
643185544
643287150
644506543
646487238
646510312
646550461
646861459
647229181
647386832
647875229
648925541
648950710
649586675
650117486
650410716
651100014
651399815
651615343
652092014
652689961
653136425
653298282
656718275
656900037
657262367
657430200
657821123
658730272
660405117
660405588
661122009
662128245
662532774
663826885
665678926
666082723
666423652
667074898
667306633
667312311
669167045
669943571
669988454
672138927
672750587
674280539
674398200
675606239
675614486
675810707
676051970
678030193
678620591
678987030
679591983
680778347
681170435
681910962
683427160
683708542
684079392
684570285
685118024
685428651
685583454
686140665
688507584
688525093
688574086
688678539
688792840
688964891
690545035
691321851
691812436
693238850
693437782
694399459
694506838
694558231
694914783
697785251
698495686
698503796
698535465
699174992
699723792
699979281
701573432
701893364
702363084
702417720
702715827
702899908
703299416
704031752
704741975
704877633
705082606
706543846
706642601
706918614
707454747
707765235
707953178
708455180
709140016
710298150
711192801
711423596
711443276
712542920
713120633
713635183
713912911
714335775
714456029
714569899
714829749
714958111
716022311
716335881
716794261
717210242
717918284
718044156
718088519
719180285
719628480
720149489
720363536
720707386
724037928
726031364
726820849
726943819
727027992
727423627
727854581
728128031
728252845
728594210
730793059
731933551
732450842
733729528
733864736
734112722
736906383
737223708
737499328
737637591
737904107
738031894
738342585
738401642
739586036
739712623
739946884
739972377
740914823
741287256
742270128
742345408
742753900
742794024
742794292
743159388
743780607
743955679
744121865
744298440
746232675
749808928
750049635
750126115
750597385
750607936
751152468
751404004
751490117
752409269
753698822
753799505
753879563
753972434
753979197
754137322
754451257
754609818
755418455
755632437
755644608
756044145
756589545
757344738
758332965
758891439
758973661
759041818
759417218
760864727
760910030
761140582
762899077
765221733
766490553
766999452
767780552
767863933
768094285
769194507
769315692
770151852
770245865
771515668
771761420
772359304
772429938
774208809
775171661
775509899
775654832
776531043
777512110
777568666
777800262
778248382
778662571
778742984
778850969
779284475
780604437
780860633
783035740
784170963
784558821
784559590
785214200
785914632
786651959
787094442
787700516
788169085
788232851
788479691
788519815
788539197
788974390
789320624
790709218
791025007
791172471
791481169
791581617
791615943
791957247
792508359
793746600
793755784
794014915
794302852
794598964
795054873
796366900
797676873
797716616
798669970
798670177
799204591
799358167
799980108
800532526
801078698
801352498
801783028
802432531
802626476
803101085
803224812
803604157
803694459
804043820
804493649
805392551
805972220
806244819
806957151
807175913
807681188
808048585
808530661
809207394
809458445
809518879
809985650
810278890
810383137
810641871
810783320
811572757
812535217
812703488
813547954
813799943
815030545
815146994
815530879
815921146
816259857
816289879
816721357
816914329
816959685
817012481
817350101
817391553
817668563
820241969
820581293
820767581
820861641
820890848
821019290
821225633
821669329
822102918
822418623
822813756
823121292
823304040
823320057
823378840
823466737
823564440
823912159
824026384
824938981
824948438
825948910
826278314
826690555
827251361
828433549
828530767
828728104
829532185
830447846
830576580
830889295
831269694
831611349
831748807
831898621
832633821
832861200
834991545
835464051
835500476
835533592
835740262
836045813
836445878
836755544
836941832
836997036
837204200
839521936
839594410
840725869
840788275
840858777
841369449
843998877
844025501
844929464
847063805
851451194
851753076
851810723
852820133
853380696
855007065
856698342
856710119
856874560
856974279
857151853
857306750
857387710
857507257
859601269
859880606
860116286
861174277
861777266
862332255
862627384
862747128
862929593
863245626
864877321
864971330
866683784
866913112
866954865
867486120
869226366
869295220
870748417
871419461
871608031
871650282
873101606
873488587
873975955
874131563
874198470
874962869
875180639
876554400
876657257
877138952
877289646
877518661
877617562
877819790
878115305
878152665
878444520
878472738
878627494
878918398
879941026
879965253
880378030
881140534
882250952
884387432
884457798
884865950
884936716
885131967
885215120
885295731
886276544
886513497
886559009
887248105
887972091
888003658
888155364
888912333
889119397
889448803
889688008
890022937
891421357
892053144
892408776
892471720
893351816
893369089
894374165
894946732
894987089
895063368
895155494
895945460
896040537
896483589
896544303
896699740
897054849
898003988
899093320
899116882
899511697
901131311
901189829
902024889
902053221
902368706
902637225
902895429
903866622
905019784
905169661
905333258
905358969
907225550
907424543
907527238
908302208
908601631
910200912
910297865
910819821
911206864
911254352
912535670
912910312
913090935
913143239
913511999
913758765
913810323
914182961
914318433
915896220
916618850
919449960
919742003
920012957
920432122
920489927
920998393
921588419
921659610
921788850
922285743
924176425
924375752
924631698
924745989
925036890
925188411
925238588
925713901
926490791
926985298
927515974
927573063
928335232
929481515
929596849
930637903
931218476
931226244
931853946
931873583
932274672
932463515
933087662
933540226
934961292
935814240
935817076
936509543
937186357
937217003
937357732
937673930
937964557
938966639
939547160
941076022
941222281
942745307
943010069
943068412
943096182
943433458
943454679
943842319
944106500
944303455
944975825
945468509
946263235
947609847
947712914
947876491
948398795
948554309
949648802
949983028
950527144
950885006
950951357
950992588
951517190
952539874
952603374
952955009
953510827
954526234
954597719
955308353
955363576
955860595
955889957
956338663
956676472
957281539
957627097
957828015
958797003
958829064
959523303
959637304
960331775
960981190
961065174
961673225
962571980
963619508
964449474
964881464
965065775
965995056
967113755
967214157
967861582
967945596
968536965
969502012
970181005
970343127
971035723
971152896
971307217
972286544
972559129
972569750
972899151
973300198
975186539
975984958
976132622
976173012
976308951
976880268
977260520
977532867
977764947
978719103
979277476
979618776
979686072
979965420
981140204
981674592
981747696
982723801
982972981
983646000
983759453
984580318
984611716
984673077
984943658
985089555
985352962
985509754
987333029
988380508
988774857
989340000
990023668
990920628
990976801
992663534
993902230
994263758
994411019
994734886
994977995
995053964
996004943
996497972
996502948
997389814
998124644
998595019
998859539
999202769
999774327
1001481219
1002161024
1002163149
1002804821
1003245708
1003323276
1004016855
1004466924
1004844897
1005182819
1005240150
1005252073
1005471806
1008112217
1008240338
1008667245
1009200907
1010026261
1010845322
1012028144
1013081938
1013304119
1014428211
1015178123
1015627256
1016168508
1016172232
1016636152
1016874985
1017166374
1017739962
1018533925
1018594750
1018808176
1018879659
1019571748
1020020789
1020392977
1020723399
1020793917
1021110546
1021979358
1022245968
1022863823
1023129506
1024245959
1025725764
1025921153
1025979034
1026011210
1026076958
1026329281
1027960836
1028919431
1029868805
1030316714
1030325836
1031354806
1032406152
1033862659
1034486385
1034823503
1034866419
1035191736
1035515277
1035574790
1035623790
1035741569
1038151447
1038525826
1038787537
1038841549
1039109000
1039769627
1040006643
1041071867
1041585378
1042115253
1042123325
1042143836
1042227878
1042769245
1043108729
1044295373
1044687875
1044718387
1044788124
1045139816
1045501370
1045927447
1046279452
1046417332
1047353930
1047508092
1047660757
1047738469
1048762429
1049077006
1049567669
1049997439
1051519025
1052825421
1052851209
1054021494
1054676517
1055151240
1056032850
1056219956
1057007323
1058107670
1058236095
1059256539
1059344000
1059750158
1060806853
1061106910
1061382253
1061548769
1062211800
1062446612
1062852927
1063273570
1063744552
1064419421
1064488480
1064584400
1065611684
1066033231
1066156125
1066401727
1066493250
1066976720
1068367967
1068736822
1068993879
1069670951
1070477904
1070800980
1072541235
1073005947
1073185695
1073254665
1073387846
1073645898
1075260298
1075795344
1076869860
1077173586
1077722710
1078626766
1078676899
1078984027
1079477148
1080565049
1080952188
1081571775
1081920176
1083014291
1083454666
1083563991
1083900737
1084605923
1085614563
1086531968
1086561466
1087464377
1087693397
1087796851
1088232365
1088358883
1088387561
1088799083
1089428272
1089683812
1090169577
1090851819
1090975720
1091216405
1093278594
1093864812
1094162960
1094482710
1094685626
1095376114
1096695847
1096729108
1096883513
1096895193
1096989447
1098926978
1099456187
1099708008
1100695123
1101428657
1101581096
1101917275
1101977992
1102246882
1102346022
1102730553
1103289075
1103669955
1104098844
1104740033
1105074252
1105222769
1105240049
1105548535
1106200165
1106577801
1106669492
1106950683
1107647013
1107653661
1107653966
1107834620
1108121170
1108278274
1108728549
1109048523
1109242890
1110051703
1110157761
1110398897
1110561113
1111284571
1111527896
1111767781
1112419897
1112576031
1113335590
1113423934
1113746951
1114039334
1114057121
1114622623
1114919531
1115195164
1115266930
1115438165
1115453013
1116666771
1117321188
1118600160
1118753229
1119324186
1120070125
1120173380
1121122752
1121267422
1121447421
1122389175
1122721015
1123174441
1123289549
1124680888
1124791247
1124818675
1126116211
1127401868
1127495636
1128408959
1128632095
1128868263
1129423892
1129841133
1129966612
1130220830
1130301905
1130438602
1130552125
1131530903
1131570933
1131735606
1131769142
1132534180
1132610790
1132626521
1132666825
1132893647
1133203853
1133495475
1133598295
1135048762
1136274956
1136676268
1137349677
1137446057
1137522503
1137623865
1139145027
1139217683
1140164829
1140241076
1141231427
1142161102
1143669836
1144108930
1144996119
1145745108
1145751355
1146551966
1147182857
1147722294
1148637874
1148800435
1148928566
1148957824
1148977309
1149250170
1149492287
1150111458
1150957463
1151624117
1152185684
1153851501
1154112991
1154694243
1155276940
1155721377
1156400797
1156766310
1158242233
1158425752
1158429237
1158577467
1158692923
1159819487
1160834053
1161913284
1162369648
1162936798
1162971946
1163313729
1163498603
1164780418
1165225317
1165248737
1165595874
1165706778
1166566975
1167615735
1167620774
1168017184
1168120094
1168279879
1168292834
1168336219
1169606052
1170349223
1170411558
1171313261
1172819419
1174272277
1174524260
1174619517
1175082151
1175535203
1175699509
1177605154
1177855795
1178402198
1178641843
1178767759
1179459082
1179617774
1179650736
1179769793
1179996045
1180074489
1180433797
1180715935
1181002581
1181261042
1183089436
1183995177
1185044669
1185242216
1185391678
1185581113
1187130808
1187262410
1188671986
1188779302
1189280590
1189515557
1190368419
1190369158
1190658225
1190703590
1190959745
1191375766
1192617320
1192825665
1193343818
1193426791
1194314738
1195111433
1195795737
1196034714
1196282487
1197459195
1197841587
1198794757
1200243502
1200676938
1201779777
1203288092
1204554544
1205024134
1205777106
1205938714
1207543208
1207762017
1208178698
1208199196
1208448058
1208785190
1210084363
1210884686
1211145495
1211423582
1213110679
1213459922
1214317406
1214810341
1215059414
1215616145
1215750018
1215867947
1215898387
1217320417
1217751851
1217839676
1218659915
1219234987
1219397882
1220005219
1220197348
1220710403
1221127903
1221896501
1222376742
1222648128
1222774379
1222891617
1223911132
1224442217
1224585207
1225084679
1225521545
1226060620
1226725097
1227464303
1227522515
1227559555
1227619358
1227790029
1228127127
1229012004
1229309669
1230092639
1230199157
1230556662
1230900941
1231140926
1231367544
1232671693
1233313723
1233366815
1233398521
1233429312
1234157104
1234602379
1235407518
1236143279
1236203847
1236261662
1236634257
1237322012
1237874120
1237874717
1238320299
1238489553
1238616728
1238883907
1239185157
1239225063
1240352415
1240764503
1241043282
1241229820
1242933387
1243357935
1243662618
1244171023
1244615113
1244629630
1245245250
1245516288
1246131465
1246337957
1247432563
1247622090
1248300236
1249464761
1250086895
1250739824
1252027081
1252119416
1252230484
1253448198
1253497317
1255820950
1256336767
1256668088
1256830559
1256949621
1257472931
1257726610
1257996176
1258459317
1259265333
1259887108
1260046958
1260129783
1260276489
1260542915
1260723224
1260794294
1260973671
1261963154
1261990845
1262275345
1262696576
1262976197
1263111994
1263123445
1264627439
1264817709
1265768163
1266231506
1266233526
1266388310
1266605903
1267248590
1268000110
1269406752
1270425987
1270697084
1271082574
1271198256
1271297126
1272825627
1272980039
1274526564
1274629594
1274895608
1275327683
1275577864
1275636711
1275947080
1277246680
1277534008
1277538205
1277670742
1279344721
1279743899
1280276411
1281232725
1281409026
1281453213
1281482745
1281934978
1282409605
1282889892
1283070434
1283116209
1283497205
1284101462
1284660444
1285587856
1285869684
1285996411
1286759527
1287050380
1287114315
1288775055
1289335735
1289375905
1289804409
1290067270
1290155439
1290659378
1291005872
1292006996
1292798887
1293282627
1293320728
1293452602
1293516947
1293580500
1293655194
1294451052
1295059761
1295247375
1295705222
1296953776
1297025343
1299966420
1300383328
1300521576
1300601360
1301377876
1301610294
1301827199
1303060378
1303212254
1303243786
1303373802
1304725556
1304835690
1305359608
1305712687
1306355046
1306624513
1307061696
1307176655
1307276870
1308502278
1308822963
1311081365
1311517960
1311533992
1311549152
1311978010
1312093973
1312101128
1312306078
1312349943
1312829841
1313116742
1314384009
1315042342
1315198308
1315873996
1316011885
1316249136
1316764116
1318396314
1318824511
1319631682
1319808134
1320305310
1321577143
1322640782
1323121951
1323602331
1324059153
1324160811
1329554608
1329951252
1331025033
1332884381
1332973585
1333685350
1334117420
1334948905
1336340962
1337482726
1338304415
1338403330
1339878053
1340040768
1340452083
1341853635
1342777657
1343168183
1344294484
1344652192
1345569615
1346094045
1346174337
1346174542
1347264735
1347990356
1348178968
1348255379
1348616203
1350143981
1350237153
1350266113
1350323207
1351070343
1351345223
1351934195
1351995223
1352326868
1352670106
1353269186
1353963249
1354136010
1354399899
1355760826
1355989489
1356425228
1356701299
1356871292
1357276833
1358406343
1358580979
1358792232
1358796011
1358870547
1359019906
1359225235
1359861757
1360280366
1360521649
1360733216
1360842733
1362001123
1362834840
1363045322
1364093128
1364134594
1366015711
1366488948
1368085698
1372366437
1373365825
1373466630
1374064420
1374590687
1374721671
1375022749
1375150522
1375992679
1377340251
1377343945
1377804045
1377925664
1377965113
1377979805
1378047513
1378800757
1378888929
1379382951
1379521167
1380261398
1380786643
1380889295
1381308115
1381428072
1382973414
1383594059
1383816526
1384408694
1384907698
1385869610
1386534432
1386848199
1386973244
1388337879
1388661399
1389628018
1390214553
1391238893
1391296202
1391731064
1391806501
1391900804
1392513641
1396138699
1396221071
1397870331
1398395325
1398526475
1398556760
1398644501
1398904656
1399116813
1399125485
1399348015
1399399247
1399703186
1400258743
1400285365
1401158267
1401494901
1402209417
1402268365
1402331728
1404181687
1404280278
1405804598
1407044999
1407106872
1407783695
1408000940
1408508172
1409334626
1410637154
1411043870
1411860814
1413182981
1414318909
1414362805
1414902744
1415002952
1415306249
1416294893
1416449507
1416685495
1416813759
1417097773
1418657617
1419330413
1419867461
1419869319
1420250114
1420400196
1420763711
1421400194
1421620240
1422015860
1422187704
1422600118
1423551951
1426245435
1426608261
1426671283
1426860155
1427015023
1427408396
1427688993
1427724719
1428592146
1428738283
1429157787
1430166551
1431005949
1431276652
1432063067
1432145766
1432477444
1432595549
1433118632
1433485574
1433710178
1433829874
1434444856
1434684802
1435106635
1436280767
1436461431
1437784630
1438179510
1438410991
1438868377
1439025357
1439236385
1439819313
1439889520
1440942217
1441132407
1441282327
1441716381
1442353559
1442645480
1442901720
1444695645
1445244855
1445335459
1446552988
1447265236
1448374988
1448530832
1448716162
1448891847
1449566626
1451839081
1452207730
1453526593
1455100059
1455633890
1457517399
1457850878
1458232706
1458777923
1458854788
1459413496
1460889597
1461279945
1461483549
1461495731
1461885895
1462789551
1462863342
1463157031
1463179852
1463491026
1463845416
1463866116
1464689331
1464994198
1465645203
1465649966
1465966194
1466256269
1467282253
1467514962
1468214484
1468684613
1468762966
1469162908
1469677250
1470082955
1470290814
1470707912
1471006711
1471118396
1471380100
1473392040
1474098853
1474391173
1474556735
1474651677
1474833169
1474975158
1476003502
1476063837
1476211373
1476562293
1476586158
1476871089
1477558821
1477638056
1478329722
1478446501
1478744840
1479295563
1479575244
1479588719
1479904491
1480894388
1481024362
1481135299
1481750933
1482120115
1482449220
1483422675
1483422903
1483764288
1483839227
1484148409
1484182762
1484404193
1484495969
1486124991
1486421564
1487684946
1488695711
1488817392
1488885723
1489470342
1490194926
1490404473
1492192799
1493869940
1493959603
1494664305
1495170053
1495206564
1495545201
1496589780
1496786971
1498568008
1499086275
1499292694
1499421693
1499771965
1499932141
1500142232
1500456578
1501093335
1501154526
1502116461
1502360117
1502463517
1502574958
1502789949
1502883016
1503614727
1503743185
1505795335
1506555501
1507034382
1507680152
1507977295
1508134031
1508545802
1509650981
1509658266
1510074329
1510393581
1510474410
1510551173
1511505321
1511519951
1514002586
1514189507
1514447800
1514616303
1515839385
1516720006
1517114033
1517273377
1517882903
1518163459
1519120702
1519242172
1520044630
1520045406
1521273983
1521446980
1521681079
1522395419
1522715045
1522994091
1523252771
1524325968
1524957316
1525679891
1526810580
1528073014
1528087670
1531756094
1532062767
1532329536
1532418425
1532649039
1533456540
1534579294
1534827968
1534944155
1535482633
1536439194
1536830211
1536837790
1539388041
1539614259
1541379946
1541547472
1543054040
1543812973
1543821265
1543867758
1544374108
1544479434
1545417698
1545585992
1545644496
1545747467
1546053526
1547837107
1548184872
1548224374
1549592533
1550207533
1551112228
1551901393
1554270776
1554426955
1554577585
1556846875
1556980881
1557429392
1557551348
1557674465
1557810404
1558260932
1560024710
1561939997
1564026392
1564341110
1564674546
1565351219
1565528196
1566615132
1566892922
1566956168
1567121210
1567414549
1567560319
1567627484
1567669249
1567987270
1568463430
1568625581
1569119596
1569511544
1569608121
1570591835
1571061353
1573243635
1573862876
1575014889
1576061536
1579753861
1580438996
1580723810
1580830317
1581030105
1581159682
1582664031
1582813966
1583071032
1584423535
1584475309
1585191734
1586901783
1586983133
1587198839
1588127396
1588552612
1588991120
1589468237
1590162030
1590553266
1590767370
1592013644
1592609468
1592822761
1593437401
1593549804
1595850963
1595884379
1596168661
1596430740
1596502756
1597375816
1597885195
1597888047
1597951661
1597972595
1598242968
1598733599
1598973563
1600133321
1600442306
1600996761
1601581177
1602379269
1602632443
1603481258
1604218471
1604404550
1605675327
1606251138
1606946231
1606985788
1607251617
1607684870
1608573501
1608753833
1608776735
1609005592
1609176432
1610531312
1610836121
1610979728
1611025685
1611411922
1611739816
1611845731
1614285132
1615388027
1615779104
1616927224
1617428359
1617733964
1617778550
1617819336
1618310015
1618907920
1619397842
1619693086
1620827491
1621631601
1622255830
1622650073
1623033198
1623161625
1623187656
1623716043
1624379149
1624842919
1625151580
1625538587
1626872889
1626979010
1627434328
1627473427
1627507452
1628320384
1628376262
1629293585
1630361896
1631437711
1631508526
1632300568
1633413200
1633661127
1633863443
1635179308
1635339425
1635796814
1636757593
1636807826
1637073864
1637121029
1637608155
1637930417
1639709505
1639735600
1639869942
1640606915
1640687929
1640814040
1642325381
1643250868
1643274097
1643574226
1643966962
1644703768
1644985474
1645325369
1645347854
1645645405
1646035001
1646583894
1647259579
1648603765
1649799401
1649948121
1650113383
1651094973
1651659860
1651850916
1652031923
1652188234
1652354189
1653099359
1653534888
1653662173
1653783133
1654001669
1654838122
1654887871
1654889424
1655903008
1656394764
1656501759
1656677597
1657335592
1657737442
1657922431
1658372429
1658908574
1659137761
1659449594
1660412494
1660439616
1660760808
1660873423
1661231216
1663173346
1663840210
1664612556
1665836871
1666190318
1667292172
1667344272
1668306648
1668560562
1668677518
1669878776
1670147526
1671132791
1671212680
1671419479
1671856870
1672192536
1672649243
1672673098
1672733787
1674186126
1674303725
1675234217
1675282582
1675487866
1675512613
1675578525
1676024558
1677949663
1678443540
1679612136
1679707656
1679953748
1680293002
1680351381
1680408274
1680984470
1681462533
1681484711
1681808623
1683308339
1683337704
1683898861
1684451230
1684850160
1685105611
1685700813
1685931478
1685942425
1686378441
1686783873
1686835083
1687111581
1688431513
1689092423
1689452430
1691587940
1692339166
1692591586
1693728558
1694794905
1696715268
1696851431
1698020242
1698297624
1698961258
1698995250
1699979183
1700769364
1700859190
1702482605
1703072189
1703568827
1703775251
1703923567
1704409146
1704741175
1704827491
1705049328
1705615934
1705698828
1706755176
1706993431
1707280687
1708006727
1708210487
1708489325
1709087011
1709478704
1710023298
1710440016
1710652610
1712365581
1712812019
1713318478
1713417723
1714659037
1714891891
1714971506
1715073861
1715075639
1715476688
1715914100
1718056163
1719083114
1719533808
1720494784
1720832272
1720871793
1720905129
1721337424
1721421174
1721485624
1722321934
1722463037
1723153177
1724586126
1725004503
1725694079
1725782670
1726100569
1726124446
1726137537
1726587281
1728536152
1729784610
1730318197
1731634143
1732267506
1732378755
1732881087
1734242657
1734451620
1734607863
1735098457
1735467798
1735832451
1736171349
1737195272
1737498842
1737580191
1738234275
1740396144
1741015653
1741065199
1742040006
1742647647
1743424059
1743440703
1743532054
1743764688
1744412144
1744643003
1745596560
1746004787
1746007307
1746311018
1746407392
1746474819
1746505617
1746511362
1746613256
1746721617
1747240702
1747970763
1748263908
1748533999
1748656661
1748669808
1748946057
1748951034
1749559272
1750754639
1750837825
1750911869
1751072698
1751829968
1752200983
1752431623
1752800050
1753293021
1754538964
1754634414
1754711748
1755174370
1755440423
1755482411
1755699915
1756525914
1756872112
1759125542
1759229198
1759309678
1759921226
1760348381
1761134474
1761206795
1761228201
1762495482
1762940470
1763464891
1763800679
1764024308
1764651376
1765241066
1765876431
1766068785
1766946662
1767145035
1767953748
1768279115
1768623323
1768693159
1770024970
1770083638
1770872469
1771024152
1771470902
1773360673
1773470415
1773755621
1774377061
1777724115
1777736811
1777841883
1777959848
1778470524
1778878209
1779043611
1779630010
1779636775
1780363501
1780404053
1780776563
1780975015
1781320517
1781814877
1783295704
1783747643
1783848212
1783878630
1784484492
1784631413
1784766670
1784959963
1785108621
1785389596
1785433623
1785684024
1785742192
1786241349
1787035530
1788645779
1789665274
1789871857
1790245761
1790318751
1790876558
1791608793
1791728192
1791793583
1792486327
1793029706
1793222866
1793291147
1793372304
1794963926
1795289992
1795739911
1796102646
1796198014
1796580167
1797619589
1798125800
1798664506
1799809565
1800622739
1801048632
1801191786
1802082212
1802916854
1802933454
1803447838
1806282463
1807130337
1807270791
1807468129
1807891082
1808070579
1808266298
1808275514
1808466296
1809973938
1811472202
1811791614
1812423303
1812642440
1812908748
1813617003
1813852093
1814652263
1815859901
1816731566
1817129560
1817469862
1817708271
1818397740
1819107448
1819343967
1820825075
1821821291
1822559361
1823359178
1823392059
1823811151
1823983985
1824152399
1825701043
1826500519
1828087692
1828903032
1829486854
1829517999
1830103131
1830831290
1832619855
1833147638
1833517719
1834458877
1834735140
1835095295
1835246221
1835496964
1836106836
1836275591
1838377370
1838659649
1839326123
1840127450
1840333387
1840340519
1840728048
1841887383
1842378953
1842790974
1843130330
1843539936
1843563948
1843638691
1843783731
1844185784
1845146044
1845784858
1845872055
1846107177
1846914061
1846989860
1847320614
1848149578
1848615104
1848682420
1849385936
1849574027
1849905494
1850318675
1850691920
1851061505
1853260910
1853563156
1854052994
1854419789
1854658689
1854915123
1855794244
1855958796
1856734759
1858765642
1859468872
1859513046
1859803064
1860019397
1860117413
1860153627
1860375802
1860455466
1860921801
1861180938
1861768236
1862124134
1862972615
1863552128
1863724327
1863776406
1863997495
1864268382
1864530827
1864546517
1865721355
1866192546
1866566972
1866729662
1866766833
1866831128
1867224300
1867986685
1868047859
1868832599
1868921089
1869118659
1869145107
1869250560
1869440655
1869923879
1870942094
1871067779
1872175775
1872233307
1872328199
1872357125
1873424203
1873563006
1873759223
1874300523
1874701951
1877310480
1879270107
1881757886
1882410547
1882691655
1882722743
1885054119
1885902501
1885943301
1886377448
1887377127
1887766714
1887985652
1888369568
1889024460
1891469415
1893015680
1894729364
1894832768
1895625896
1895782916
1895928381
1896651992
1897086703
1897440709
1897741295
1897969710
1899894091
1901564466
1901566256
1901915394
1902005662
1902614384
1902737335
1903039054
1903425807
1903766468
1903958413
1904228600
1904797942
1907213587
1907713037
1908194298
1908405063
1911300560
1911701846
1911952004
1912233251
1912348058
1912542361
1912844175
1915096280
1915875605
1916984664
1917582787
1918487444
1919088460
1921919875
1922115011
1923552800
1924250512
1924350530
1925228542
1925270571
1925368604
1926818416
1927702196
1927703510
1927948269
1928208327
1928256141
1928517639
1928698809
1928749694
1929525082
1929813013
1930257123
1931031534
1931161864
1931425980
1931706890
1932477659
1933922808
1934004842
1934564302
1934762199
1935059511
1935350805
1936329094
1936672708
1936766546
1937022504
1937572063
1937682871
1938090264
1939251142
1939298850
1939570673
1939779181
1939824520
1940494307
1941202058
1941872495
1942727722
1943494679
1943869024
1944797721
1946584308
1946828231
1947138151
1948318020
1948596368
1949412420
1949588295
1950364469
1950620703
1951011304
1951121158
1951134968
1951398138
1951850219
1951894885
1951954366
1951959723
1952509530
1953393503
1954153012
1954899097
1955700246
1955794415
1955990215
1956041515
1956535220
1958017916
1958994547
1959734038
1960657288
1961132537
1961707414
1962279937
1962408013
1962853711
1963590646
1966002871
1966065970
1966423894
1966703070
1966819552
1966832194
1966980384
1968156022
1968456301
1969292867
1971062967
1971319798
1971340605
1971550854
1972325633
1972683460
1972986481
1973733018
1973792143
1974044557
1974593928
1974846679
1976226904
1976393154
1977466363
1977694286
1978084747
1978837110
1978847939
1981000027
1982065887
1982259113
1984038011
1984298919
1984409426
1985716395
1986056805
1986176768
1987502657
1987760720
1988074999
1988761464
1990222304
1991075574
1992338773
1992623504
1993997925
1994557580
1994802600
1995333979
1995528148
1995702672
1996510761
1996600545
1996923781
1997341985
1998097157
1998559829
1999253743
1999469630
1999939614
2000444076
2000755539
2001271631
2001316815
2001793133
2003266087
2003332975
2003613929
2003810831
2004064647
2004235293
2005593598
2005815166
2005986288
2007237709
2007567896
2007610677
2008416046
2008437311
2009050749
2009076325
2009855638
2009907127
2010924515
2011126222
2011351949
2011907084
2012035565
2014119113
2014885176
2015119925
2015135527
2015756105
2016740809
2016742280
2016938585
2017166190
2018044936
2018358643
2018984926
2019622903
2020739063
2020949754
2021703321
2022889775
2023078859
2023158305
2024204707
2025868347
2027201216
2027638231
2028131779
2028195356
2028505020
2028614953
2028841238
2028965134
2029426148
2029909503
2031439871
2031615252
2032536630
2033732744
2033924515
2034034828
2034712366
2034837525
2035182151
2035308228
2035491490
2036770363
2037280504
2038299453
2038369834
2038808308
2038930070
2039576385
2039632344
2040696006
2043046042
2043874587
2044747317
2045329870
2046228876
2047114878
2047567799
2047822110
2048121945
2048734241
2048760593
2049325511
2049458985
2049476377
2049590396
2049847136
2050098034
2050637555
2050920410
2051621609
2051724831
2051953944
2053332199
2054221501
2055818856
2057507831
2057750526
2058791990
2058805631
2059111528
2059254006
2059266531
2060309296
2060542775
2061702028
2062571391
2063637013
2063936098
2063978281
2064668382
2064984509
2065506194
2065708819
2066513293
2067029090
2067859122
2067867284
2067909127
2068370778
2068549814
2069048048
2069331529
2069617655
2069828928
2070596238
2071807370
2072002281
2072476164
2073012680
2073910912
2074118474
2076422667
2076697922
2077160142
2078050055
2078169651
2078755865
2078891919
2079712811
2081384202
2082344010
2082414686
2082722299
2083245269
2083700978
2084179001
2087332553
2087492231
2087843144
2088376824
2088379001
2088848651
2089423258
2089719753
2089916419
2090245054
2090265324
2092164733
2092190960
2092396112
2092651979
2092804428
2093598582
2094427782
2094655070
2094778045
2095186766
2095488249
2095688080
2096192221
2098339999
2098478515
2098603321
2100205648
2100347120
2100928235
2101218545
2101530698
2101915886
2101995239
2102093232
2104836584
2104912488
2105322709
2105490470
2106544088
2107043751
2107302438
2108804114
2108898567
2109190184
2110010672
2110171129
2110720068
2111482797
2111631616
2111761928
2112935362
2113049184
2115103844
2115500026
2116197142
2116321872
2116445442
2116966429
2117091137
2117091517
2117184308
2117659702
2118199609
2118498354
2118797801
2118984398
2119315080
2119539598
2119655641
2119878818
2120263734
2120490172
2121255451
2121570900
2121578553
2121687541
2122026730
2124639789
2124993761
2125225363
2125876964
2126455912
2127988723
2128236579
2128374593
2129300973
2129491709
2129812551
2129948864
2129988594
2130687802
2131204599
2131843667
2132162030
2133834890
2134181457
2134480723
2135382200
2135499454
2136018550
2136303011
2137240443
2137463219
2137606534
2137730019
2137876572
2139020935
2139945753
2141370371
2141420721
2142326661
2142934989
2143811610
2143831565
2144768489
2145534035
2145586676
2145922751
2146319451
2147215785
2147349415
2147483531
