16807
16531729
74243042
101027544
101929267
114807987
130060903
143542612
156091745
197493099
282475249
357571490
470211272
510616708
530511967
563613512
585640194
590357944
685118024
704877633
771515668
784558821
823378840
823564440
893351816
896544303
937186357
984943658
1025921153
1044788124
1083454666
1108728549
1115438165
1131570933
1137522503
1144108930
1264817709
1356425228
1358580979
1399125485
1404280278
1441282327
1457850878
1458777923
1474833169
1505795335
1551901393
1580723810
1617819336
1622650073
1624379149
1636807826
1646035001
1784484492
1817129560
1899894091
1927702196
1942727722
1952509530
1954899097
1998097157
2007237709
2110010672
2128236579
