16807
1277844
1887638
3559274
6441594
9135231
13055348
13618676
16531729
20073650
24301412
32106102
34075629
41000625
47424385
57716395
60935238
63040413
63641305
70982397
74243042
76424008
78098867
101027544
101929267
102303120
107554536
108668244
114807987
118710299
121205400
123427205
130060903
140002776
143542612
143558780
151687230
152607844
156091745
158374933
168068960
171620203
172556929
174076737
175530180
177181445
194847408
195400260
197493099
197941363
203042009
218264607
222122669
222902971
244116641
250334414
252193898
263081550
265509239
268317158
269220094
270438666
270649095
272112289
280090412
281725226
282475249
290145159
290623720
293034748
298918984
304555640
304987844
307187357
316824712
318153057
322791560
322842082
322968418
329863108
330111137
338725129
343077045
343098142
344185621
345205658
347221711
348318738
350213900
356326671
357571490
367603950
377901842
379847699
382955828
388471006
404319195
411938554
416541976
428540556
428975319
436476770
440796531
450031625
454233502
456880399
458588260
459244054
462242385
462851407
463482574
470211272
471180773
473917746
476026939
482756891
487495370
495149352
500782188
501650447
501848671
510616708
515204530
524102504
525244910
529855395
530511967
532236123
537140623
537204356
540151403
541437335
543436550
545293947
552265483
555860589
556228742
563613512
566120171
571540977
572547747
578134256
578354438
585640194
588860917
589673557
590357944
595028635
599777254
600246897
601915879
605925150
609960597
614056598
616783871
621301815
637850124
657821123
666082723
667306633
678030193
678620591
681910962
684570285
685118024
685428651
685583454
690545035
704877633
707953178
711192801
738342585
750597385
753799505
754451257
766490553
771515668
772359304
784170963
784558821
784559590
794014915
795054873
797716616
798669970
805972220
810783320
823378840
823564440
824938981
828433549
828530767
832633821
832861200
834991545
836045813
836941832
837204200
843998877
855007065
862929593
877819790
881140534
884936716
889119397
889688008
892053144
893351816
896544303
897054849
907225550
911254352
915896220
925238588
927515974
937186357
937217003
937673930
943454679
944303455
944975825
957828015
958829064
959637304
967113755
970343127
971307217
977764947
978719103
981747696
984943658
988774857
989340000
992663534
994977995
996497972
997389814
1004016855
1004844897
1012028144
1021979358
1023129506
1025921153
1026076958
1042227878
1044788124
1049077006
1049997439
1051519025
1060806853
1061382253
1064488480
1070477904
1073185695
1073645898
1075260298
1083454666
1086531968
1102246882
1103669955
1104740033
1105222769
1108728549
1110561113
1112576031
1113423934
1115438165
1116666771
1118753229
1122721015
1127401868
1129841133
1131570933
1135048762
1137522503
1137623865
1144108930
1147722294
1151624117
1153851501
1154112991
1156766310
1163313729
1164780418
1168120094
1168279879
1172819419
1174619517
1187262410
1189515557
1190959745
1194314738
1195795737
1208178698
1213110679
1227619358
1237322012
1238489553
1240764503
1250739824
1255820950
1260973671
1262696576
1262976197
1264817709
1267248590
1269406752
1284660444
1287114315
1289335735
1290659378
1300601360
1304835690
1318824511
1323602331
1324160811
1334948905
1341853635
1346174542
1351345223
1351934195
1351995223
1353963249
1356425228
1358580979
1358796011
1360280366
1363045322
1380786643
1398556760
1399125485
1399399247
1400285365
1401494901
1402331728
1404280278
1415306249
1420250114
1421620240
1429157787
1433829874
1437784630
1439025357
1441282327
1442645480
1442901720
1452207730
1457850878
1458777923
1458854788
1459413496
1461495731
1462789551
1463179852
1463866116
1464689331
1465645203
1473392040
1474833169
1476211373
1478446501
1479575244
1486421564
1490404473
1492192799
1493869940
1493959603
1494664305
1495170053
1502883016
1505795335
1507977295
1509658266
1517273377
1518163459
1520045406
1522395419
1523252771
1524325968
1532062767
1534827968
1536830211
1547837107
1551901393
1554270776
1557810404
1561939997
1564674546
1567121210
1580723810
1581030105
1586901783
1586983133
1592822761
1597951661
1603481258
1606946231
1609005592
1614285132
1616927224
1617819336
1618907920
1622650073
1623161625
1624379149
1625151580
1633413200
1635339425
1636807826
1637608155
1640687929
1646035001
1651659860
1652354189
1654001669
1660760808
1666190318
1668306648
1681462533
1681808623
1683337704
1706755176
1719533808
1723153177
1724586126
1732267506
1737195272
1746007307
1746474819
1752200983
1754711748
1755699915
1760348381
1771024152
1777724115
1778878209
1779636775
1780776563
1784484492
1790318751
1795739911
1796198014
1799809565
1807130337
1808266298
1812423303
1815859901
1816731566
1817129560
1828087692
1838659649
1847320614
1848682420
1859468872
1864546517
1866729662
1882410547
1893015680
1899894091
1901915394
1902737335
1904797942
1908194298
1911300560
1912844175
1927702196
1928256141
1936329094
1939824520
1942727722
1951894885
1952509530
1954899097
1962408013
1968456301
1971062967
1998097157
2000755539
2005815166
2007237709
2014119113
2018984926
2020739063
2028841238
2034712366
2034837525
2035308228
2038299453
2043046042
2044747317
2048760593
2049590396
2051621609
2051724831
2063936098
2083245269
2090245054
2090265324
2092190960
2110010672
2111482797
2111631616
2118498354
2118797801
2119315080
2119878818
2121578553
2124639789
2128236579
2129300973
2145586676
2146319451
